100	0.000014 	0.000007 
600	0.000077 	0.000051 
1100	0.000148 	0.000103 
1600	0.000211 	0.000164 
2100	0.000299 	0.000252 
2600	0.000365 	0.000321 
3100	0.000430 	0.000580 
3600	0.000508 	0.000501 
4100	0.000602 	0.000618 
4600	0.000663 	0.000732 
5100	0.000745 	0.000854 
5600	0.000838 	0.000937 
6100	0.000909 	0.001145 
6600	0.000975 	0.001302 
7100	0.001064 	0.001471 
7600	0.001199 	0.001719 
8100	0.001242 	0.001820 
8600	0.001365 	0.001947 
9100	0.001374 	0.002220 
9600	0.001459 	0.002424 
10100	0.001546 	0.002658 
10600	0.002097 	0.003584 
11100	0.001797 	0.003151 
11600	0.003396 	0.003579 
12100	0.001841 	0.003880 
12600	0.001980 	0.004175 
13100	0.002074 	0.004086 
13600	0.002128 	0.004473 
14100	0.003639 	0.004887 
14600	0.004575 	0.005182 
15100	0.002401 	0.005997 
15600	0.002446 	0.006812 
16100	0.002545 	0.008487 
16600	0.002926 	0.007288 
17100	0.003178 	0.007222 
17600	0.003300 	0.008215 
18100	0.002982 	0.007506 
18600	0.003927 	0.007777 
19100	0.003096 	0.009178 
19600	0.003482 	0.010909 
20100	0.004850 	0.010534 
20600	0.004046 	0.009437 
21100	0.004977 	0.011731 
21600	0.005023 	0.010927 
22100	0.005011 	0.011730 
22600	0.004435 	0.011659 
23100	0.004413 	0.011348 
23600	0.004033 	0.012962 
24100	0.005040 	0.012802 
24600	0.005590 	0.013037 
25100	0.004835 	0.014161 
25600	0.006519 	0.013834 
26100	0.004741 	0.014390 
26600	0.004744 	0.015418 
27100	0.004779 	0.015783 
27600	0.006314 	0.016012 
28100	0.007817 	0.017142 
28600	0.005685 	0.017064 
29100	0.006115 	0.018168 
29600	0.005430 	0.018378 
30100	0.005181 	0.020004 
30600	0.005162 	0.021088 
31100	0.005488 	0.019760 
31600	0.005359 	0.021090 
32100	0.005890 	0.022256 
32600	0.005480 	0.021796 
33100	0.008497 	0.022845 
33600	0.006208 	0.023804 
34100	0.008015 	0.024058 
34600	0.006107 	0.024631 
35100	0.006217 	0.026751 
35600	0.006230 	0.025581 
36100	0.006524 	0.027194 
36600	0.007834 	0.028395 
37100	0.006407 	0.028847 
37600	0.006460 	0.028411 
38100	0.006678 	0.029410 
38600	0.007489 	0.030303 
39100	0.006783 	0.032617 
39600	0.006986 	0.031681 
40100	0.006850 	0.034056 
40600	0.008231 	0.034227 
41100	0.007350 	0.036674 
41600	0.007374 	0.035375 
42100	0.007384 	0.038997 
42600	0.007435 	0.036951 
43100	0.007885 	0.048977 
43600	0.007525 	0.045186 
44100	0.009478 	0.044409 
44600	0.007842 	0.044844 
45100	0.008100 	0.048032 
45600	0.008240 	0.043420 
46100	0.008036 	0.044230 
46600	0.008277 	0.053434 
47100	0.009029 	0.050783 
47600	0.008280 	0.047643 
48100	0.008727 	0.056770 
48600	0.008306 	0.051188 
49100	0.008930 	0.050877 
49600	0.009493 	0.051712 
50100	0.008566 	0.053424 
50600	0.009681 	0.060365 
51100	0.009019 	0.059819 
51600	0.009149 	0.069469 
52100	0.009021 	0.071398 
52600	0.010078 	0.060817 
53100	0.009223 	0.064864 
53600	0.009320 	0.073510 
54100	0.010777 	0.068969 
54600	0.009609 	0.078835 
55100	0.009858 	0.078155 
55600	0.011431 	0.100817 
56100	0.010159 	0.087163 
56600	0.010222 	0.076693 
57100	0.010397 	0.086657 
57600	0.010518 	0.089624 
58100	0.010530 	0.090553 
58600	0.010422 	0.078331 
59100	0.010599 	0.075792 
59600	0.010702 	0.072751 
60100	0.010922 	0.072370 
60600	0.012430 	0.070551 
61100	0.011504 	0.073147 
61600	0.011003 	0.073877 
62100	0.011301 	0.075544 
62600	0.012789 	0.077365 
63100	0.012533 	0.078431 
63600	0.013817 	0.081431 
64100	0.011714 	0.079358 
64600	0.011748 	0.083089 
65100	0.012017 	0.083416 
65600	0.012764 	0.083047 
66100	0.014299 	0.085969 
66600	0.013581 	0.086160 
67100	0.013857 	0.088002 
67600	0.013864 	0.094744 
68100	0.013720 	0.091073 
68600	0.014107 	0.092391 
69100	0.013760 	0.092861 
69600	0.013478 	0.096292 
70100	0.013745 	0.093620 
70600	0.014782 	0.103607 
71100	0.015221 	0.106550 
71600	0.014277 	0.109868 
72100	0.014782 	0.108958 
72600	0.014695 	0.136348 
73100	0.014518 	0.116549 
73600	0.014778 	0.121859 
74100	0.015881 	0.123178 
74600	0.015664 	0.118475 
75100	0.014942 	0.125359 
75600	0.014784 	0.121925 
76100	0.015989 	0.122611 
76600	0.015175 	0.125458 
77100	0.015665 	0.127569 
77600	0.016427 	0.131287 
78100	0.019384 	0.134034 
78600	0.016131 	0.129812 
79100	0.015841 	0.138114 
79600	0.015860 	0.137631 
80100	0.018393 	0.138824 
80600	0.017339 	0.137372 
81100	0.016123 	0.138792 
81600	0.017270 	0.139918 
82100	0.016421 	0.158746 
82600	0.016281 	0.167229 
83100	0.016010 	0.168461 
83600	0.016274 	0.166906 
84100	0.018514 	0.173508 
84600	0.016917 	0.176557 
85100	0.016471 	0.141069 
85600	0.017338 	0.147687 
86100	0.017015 	0.157581 
86600	0.017354 	0.151050 
87100	0.018057 	0.157375 
87600	0.017203 	0.156933 
88100	0.017857 	0.160841 
88600	0.017197 	0.161898 
89100	0.017986 	0.162995 
89600	0.018026 	0.163230 
90100	0.020435 	0.167005 
90600	0.018377 	0.186009 
91100	0.018600 	0.198915 
91600	0.020463 	0.176220 
92100	0.020664 	0.178145 
92600	0.018750 	0.178052 
93100	0.021615 	0.178266 
93600	0.020397 	0.193926 
94100	0.018921 	0.184201 
94600	0.021840 	0.181250 
95100	0.019231 	0.190590 
95600	0.021653 	0.177608 
96100	0.020863 	0.230419 
96600	0.020571 	0.199466 
97100	0.022546 	0.190660 
97600	0.021028 	0.196174 
98100	0.021984 	0.205021 
98600	0.020678 	0.226941 
99100	0.020860 	0.364499 
99600	0.020521 	0.410376 
