1	100	0.000018	0.000007 
1	600	0.000084	0.000072 
1	1100	0.000145	0.000189 
1	1600	0.000255	0.000412 
1	2100	0.000371	0.000564 
1	2600	0.000344	0.000868 
1	3100	0.000434	0.001153 
1	3600	0.000464	0.001536 
1	4100	0.000514	0.002082 
1	4600	0.000607	0.002450 
1	5100	0.000651	0.003222 
1	5600	0.000747	0.004526 
1	6100	0.000785	0.004587 
1	6600	0.000960	0.005062 
1	7100	0.001825	0.006053 
1	7600	0.001578	0.006864 
1	8100	0.003554	0.007796 
1	8600	0.001147	0.008674 
1	9100	0.002754	0.009963 
1	9600	0.003341	0.011033 
1	10100	0.001522	0.011933 
1	10600	0.001547	0.020051 
1	11100	0.001513	0.016038 
1	11600	0.001724	0.019778 
1	12100	0.001668	0.016726 
1	12600	0.001958	0.018478 
1	13100	0.001889	0.019143 
1	13600	0.002064	0.021020 
1	14100	0.002020	0.022161 
1	14600	0.002052	0.036714 
1	15100	0.002494	0.040860 
1	15600	0.002152	0.037025 
1	16100	0.002848	0.030291 
1	16600	0.002443	0.031785 
1	17100	0.002455	0.033162 
1	17600	0.002547	0.043973 
1	18100	0.003513	0.055239 
1	18600	0.002871	0.066332 
1	19100	0.003181	0.047607 
1	19600	0.002828	0.048644 
1	20100	0.004929	0.046616 
1	20600	0.003806	0.101239 
1	21100	0.003748	0.088109 
1	21600	0.010020	0.075335 
1	22100	0.003250	0.055067 
1	22600	0.003189	0.061843 
1	23100	0.003395	0.064795 
1	23600	0.003387	0.065311 
1	24100	0.004087	0.081724 
1	24600	0.003641	0.084278 
1	25100	0.003743	0.095165 
1	25600	0.003750	0.079162 
1	26100	0.003778	0.082441 
1	26600	0.003851	0.088822 
1	27100	0.004459	0.104376 
1	27600	0.004149	0.099708 
1	28100	0.004222	0.126014 
1	28600	0.004695	0.092860 
1	29100	0.004258	0.095387 
1	29600	0.004386	0.122993 
1	30100	0.004411	0.099988 
1	30600	0.004490	0.138082 
1	31100	0.004572	0.156547 
1	31600	0.005529	0.124285 
1	32100	0.015103	0.122440 
1	32600	0.004722	0.131924 
1	33100	0.015468	0.134363 
1	33600	0.011203	0.137696 
1	34100	0.005345	0.133672 
1	34600	0.006078	0.193247 
1	35100	0.010607	0.154707 
1	35600	0.024871	0.167737 
1	36100	0.006419	0.212569 
1	36600	0.006008	0.153083 
1	37100	0.005941	0.223249 
1	37600	0.005973	0.196881 
1	38100	0.005991	0.169289 
1	38600	0.006076	0.177118 
1	39100	0.006059	0.231477 
1	39600	0.006498	0.190815 
1	40100	0.021104	0.208306 
1	40600	0.007695	0.219138 
1	41100	0.006398	0.234205 
1	41600	0.007032	0.215690 
1	42100	0.006555	0.230155 
1	42600	0.006609	0.228021 
1	43100	0.006757	0.238282 
1	43600	0.007230	0.251377 
1	44100	0.006989	0.232436 
1	44600	0.006883	0.262861 
1	45100	0.007706	0.256369 
1	45600	0.007030	0.293467 
1	46100	0.008055	0.269927 
1	46600	0.010862	0.251145 
1	47100	0.007297	0.318674 
1	47600	0.007885	0.259847 
1	48100	0.008472	0.302196 
1	48600	0.012423	0.323912 
1	49100	0.007744	0.305311 
1	49600	0.007902	0.309442 
1	50100	0.007921	0.321662 
1	50600	0.018198	0.316030 
1	51100	0.008377	0.321509 
1	51600	0.008526	0.334495 
1	52100	0.019519	0.319009 
1	52600	0.008853	0.346340 
1	53100	0.010742	0.348385 
1	53600	0.014684	0.363981 
1	54100	0.008632	0.357405 
1	54600	0.009127	0.350542 
1	55100	0.008705	0.421966 
1	55600	0.008684	0.400828 
1	56100	0.008954	0.383765 
1	56600	0.009330	0.413935 
1	57100	0.008923	0.452648 
1	57600	0.034367	0.505137 
1	58100	0.010086	0.454837 
1	58600	0.012035	0.447321 
1	59100	0.009811	0.453437 
1	59600	0.009374	0.385643 
1	60100	0.010492	0.467017 
1	60600	0.014705	0.455839 
1	61100	0.009568	0.452418 
1	61600	0.017255	0.497157 
1	62100	0.009835	0.541975 
1	62600	0.012156	0.552030 
1	63100	0.009928	0.528188 
1	63600	0.012782	0.504528 
1	64100	0.010829	0.493968 
1	64600	0.009999	0.550958 
1	65100	0.011252	0.543961 
1	65600	0.012266	0.511369 
1	66100	0.012070	0.559368 
1	66600	0.011789	0.532589 
1	67100	0.011988	0.562837 
1	67600	0.012742	0.740935 
1	68100	0.016968	0.560661 
1	68600	0.013847	0.590840 
1	69100	0.012333	0.594632 
1	69600	0.012263	0.621542 
1	70100	0.012484	0.610127 
1	70600	0.012582	0.632599 
1	71100	0.013217	0.610633 
1	71600	0.018648	0.638326 
1	72100	0.013102	0.641834 
1	72600	0.013306	0.699647 
1	73100	0.013158	0.735654 
1	73600	0.013042	0.686615 
1	74100	0.018957	0.691440 
1	74600	0.015720	0.709249 
1	75100	0.020530	0.748381 
1	75600	0.016040	0.712245 
1	76100	0.013840	0.731394 
1	76600	0.013125	0.721106 
1	77100	0.018334	0.796647 
1	77600	0.014641	0.719442 
1	78100	0.014018	0.763470 
1	78600	0.015587	0.788152 
1	79100	0.014195	0.800586 
1	79600	0.014054	0.801293 
1	80100	0.014195	0.882306 
1	80600	0.013566	0.783928 
1	81100	0.014231	0.817256 
1	81600	0.014121	0.875750 
1	82100	0.014343	0.838263 
1	82600	0.014324	0.884173 
1	83100	0.014456	0.882166 
1	83600	0.029660	0.935651 
1	84100	0.027412	0.850061 
1	84600	0.023835	0.890470 
1	85100	0.015819	0.941393 
1	85600	0.014865	0.908837 
1	86100	0.014848	0.949790 
1	86600	0.015219	0.939664 
1	87100	0.014730	0.926970 
1	87600	0.015582	0.934184 
1	88100	0.022011	1.025942 
1	88600	0.021191	0.930252 
1	89100	0.015696	1.002513 
1	89600	0.025949	1.032328 
1	90100	0.015577	1.049078 
1	90600	0.020571	1.071557 
1	91100	0.057348	1.051139 
1	91600	0.046933	1.103574 
1	92100	0.017992	1.137206 
1	92600	0.020936	1.090367 
1	93100	0.016130	1.180320 
1	93600	0.026576	1.096679 
1	94100	0.016562	1.128678 
1	94600	0.016205	1.219523 
1	95100	0.018483	1.195625 
1	95600	0.016588	1.125870 
1	96100	0.017089	1.237824 
1	96600	0.016660	1.162792 
1	97100	0.018653	1.158734 
1	97600	0.018844	1.233862 
1	98100	0.026304	1.252810 
1	98600	0.017827	1.252980 
1	99100	0.017679	1.310720 
1	99600	0.023203	1.246907 
2	100	0.000014	0.000007 
2	600	0.000090	0.000052 
2	1100	0.000178	0.000100 
2	1600	0.000252	0.000150 
2	2100	0.000322	0.000205 
2	2600	0.000391	0.000261 
2	3100	0.000458	0.000333 
2	3600	0.000563	0.000402 
2	4100	0.000708	0.001199 
2	4600	0.000710	0.000540 
2	5100	0.000829	0.000631 
2	5600	0.000980	0.000692 
2	6100	0.000938	0.000780 
2	6600	0.003875	0.000879 
2	7100	0.001127	0.000949 
2	7600	0.005373	0.001037 
2	8100	0.001305	0.001231 
2	8600	0.001387	0.001234 
2	9100	0.001698	0.001577 
2	9600	0.001522	0.001432 
2	10100	0.001627	0.001599 
2	10600	0.001709	0.001665 
2	11100	0.001791	0.001763 
2	11600	0.001871	0.001969 
2	12100	0.001958	0.002111 
2	12600	0.002073	0.002184 
2	13100	0.002293	0.002452 
2	13600	0.002931	0.008673 
2	14100	0.002419	0.002673 
2	14600	0.002988	0.002743 
2	15100	0.006871	0.002962 
2	15600	0.003103	0.008132 
2	16100	0.002699	0.003116 
2	16600	0.003034	0.003415 
2	17100	0.002907	0.003954 
2	17600	0.003389	0.003643 
2	18100	0.003012	0.003862 
2	18600	0.003086	0.005242 
2	19100	0.003187	0.004202 
2	19600	0.003270	0.004242 
2	20100	0.003293	0.006191 
2	20600	0.003366	0.005121 
2	21100	0.010576	0.004851 
2	21600	0.003612	0.005630 
2	22100	0.004956	0.005252 
2	22600	0.004242	0.006787 
2	23100	0.003946	0.005777 
2	23600	0.003950	0.030172 
2	24100	0.004760	0.006128 
2	24600	0.004240	0.006280 
2	25100	0.004228	0.007551 
2	25600	0.004312	0.006604 
2	26100	0.004476	0.006903 
2	26600	0.011706	0.007546 
2	27100	0.004882	0.010163 
2	27600	0.005025	0.040119 
2	28100	0.011803	0.008869 
2	28600	0.004913	0.008716 
2	29100	0.004951	0.008276 
2	29600	0.016812	0.009104 
2	30100	0.007345	0.008808 
2	30600	0.005249	0.009118 
2	31100	0.005482	0.013046 
2	31600	0.005740	0.010391 
2	32100	0.005582	0.010034 
2	32600	0.005957	0.010345 
2	33100	0.006811	0.010418 
2	33600	0.006160	0.029946 
2	34100	0.010527	0.011706 
2	34600	0.008002	0.011880 
2	35100	0.006375	0.012081 
2	35600	0.006436	0.012302 
2	36100	0.006548	0.012021 
2	36600	0.007896	0.012530 
2	37100	0.006715	0.014855 
2	37600	0.006951	0.014814 
2	38100	0.006955	0.013798 
2	38600	0.006952	0.013802 
2	39100	0.007210	0.020299 
2	39600	0.007074	0.014406 
2	40100	0.007500	0.014880 
2	40600	0.007357	0.018284 
2	41100	0.007701	0.015438 
2	41600	0.007607	0.021445 
2	42100	0.007605	0.026105 
2	42600	0.007530	0.016475 
2	43100	0.016177	0.018297 
2	43600	0.008644	0.017107 
2	44100	0.007984	0.017724 
2	44600	0.010915	0.021950 
2	45100	0.008643	0.018910 
2	45600	0.012859	0.019508 
2	46100	0.013731	0.032109 
2	46600	0.008442	0.034308 
2	47100	0.008342	0.037507 
2	47600	0.009443	0.020246 
2	48100	0.014009	0.020629 
2	48600	0.008912	0.020752 
2	49100	0.013532	0.023868 
2	49600	0.008743	0.021454 
2	50100	0.009306	0.033690 
2	50600	0.009391	0.021898 
2	51100	0.013297	0.027558 
2	51600	0.009408	0.025432 
2	52100	0.009669	0.023415 
2	52600	0.014599	0.025546 
2	53100	0.010047	0.025772 
2	53600	0.010228	0.032467 
2	54100	0.010320	0.033905 
2	54600	0.009929	0.025429 
2	55100	0.010542	0.036773 
2	55600	0.010131	0.026536 
2	56100	0.011012	0.027320 
2	56600	0.011566	0.037892 
2	57100	0.010181	0.033596 
2	57600	0.011098	0.028729 
2	58100	0.012536	0.066062 
2	58600	0.047181	0.030827 
2	59100	0.011682	0.030031 
2	59600	0.011407	0.035704 
2	60100	0.011698	0.040856 
2	60600	0.021593	0.031536 
2	61100	0.016729	0.038151 
2	61600	0.011680	0.031946 
2	62100	0.011930	0.032578 
2	62600	0.011805	0.033335 
2	63100	0.017094	0.049112 
2	63600	0.011885	0.070696 
2	64100	0.017639	0.058851 
2	64600	0.012643	0.042245 
2	65100	0.012940	0.034858 
2	65600	0.014351	0.039939 
2	66100	0.053642	0.037209 
2	66600	0.015589	0.037235 
2	67100	0.014631	0.043102 
2	67600	0.015811	0.046437 
2	68100	0.013757	0.042101 
2	68600	0.016247	0.047087 
2	69100	0.015597	0.064366 
2	69600	0.026675	0.040160 
2	70100	0.014307	0.042168 
2	70600	0.018337	0.048784 
2	71100	0.014702	0.047141 
2	71600	0.014522	0.041930 
2	72100	0.016518	0.067592 
2	72600	0.014870	0.047896 
2	73100	0.016069	0.044354 
2	73600	0.016474	0.045901 
2	74100	0.020659	0.047317 
2	74600	0.023527	0.063395 
2	75100	0.039178	0.049919 
2	75600	0.015348	0.071079 
2	76100	0.015383	0.055038 
2	76600	0.021033	0.073583 
2	77100	0.017992	0.064281 
2	77600	0.026689	0.049301 
2	78100	0.022902	0.049617 
2	78600	0.023925	0.050515 
2	79100	0.022453	0.054832 
2	79600	0.015848	0.056849 
2	80100	0.016243	0.055318 
2	80600	0.015987	0.055326 
2	81100	0.016013	0.057959 
2	81600	0.029327	0.055223 
2	82100	0.018206	0.067866 
2	82600	0.023035	0.057153 
2	83100	0.018057	0.085144 
2	83600	0.018799	0.057328 
2	84100	0.017295	0.071583 
2	84600	0.017174	0.077923 
2	85100	0.017510	0.101764 
2	85600	0.017829	0.073410 
2	86100	0.019709	0.067557 
2	86600	0.017476	0.068496 
2	87100	0.017489	0.064371 
2	87600	0.018412	0.092238 
2	88100	0.018180	0.072068 
2	88600	0.028362	0.072115 
2	89100	0.019427	0.071962 
2	89600	0.021364	0.074727 
2	90100	0.020213	0.065536 
2	90600	0.017918	0.067931 
2	91100	0.018452	0.068684 
2	91600	0.018262	0.091144 
2	92100	0.023734	0.075270 
2	92600	0.018897	0.068960 
2	93100	0.019148	0.075247 
2	93600	0.018791	0.074683 
2	94100	0.018600	0.080525 
2	94600	0.019606	0.090208 
2	95100	0.021324	0.084846 
2	95600	0.019174	0.090960 
2	96100	0.029947	0.106966 
2	96600	0.029499	0.082582 
2	97100	0.026210	0.091243 
2	97600	0.022506	0.074509 
2	98100	0.021896	0.093815 
2	98600	0.023094	0.080166 
2	99100	0.020281	0.101825 
2	99600	0.032820	0.084483 
3	100	0.000014	0.000007 
3	600	0.000103	0.000055 
3	1100	0.000191	0.000106 
3	1600	0.000245	0.000160 
3	2100	0.000328	0.000212 
3	2600	0.000400	0.000268 
3	3100	0.000474	0.000329 
3	3600	0.000581	0.000383 
3	4100	0.000707	0.000530 
3	4600	0.000736	0.000508 
3	5100	0.000817	0.000571 
3	5600	0.000947	0.000626 
3	6100	0.001024	0.000683 
3	6600	0.001073	0.000743 
3	7100	0.001152	0.000810 
3	7600	0.001262	0.000917 
3	8100	0.001360	0.000939 
3	8600	0.001452	0.001002 
3	9100	0.002242	0.001036 
3	9600	0.001633	0.001116 
3	10100	0.001714	0.001165 
3	10600	0.001807	0.001902 
3	11100	0.001997	0.001296 
3	11600	0.002048	0.007087 
3	12100	0.002156	0.001539 
3	12600	0.002170	0.001523 
3	13100	0.002273	0.001829 
3	13600	0.002479	0.003917 
3	14100	0.002582	0.001666 
3	14600	0.006876	0.001752 
3	15100	0.002638	0.004533 
3	15600	0.004610	0.001896 
3	16100	0.002885	0.001966 
3	16600	0.004397	0.002070 
3	17100	0.003203	0.002053 
3	17600	0.003328	0.002726 
3	18100	0.003275	0.002713 
3	18600	0.005898	0.002271 
3	19100	0.003756	0.005374 
3	19600	0.003924	0.002467 
3	20100	0.003651	0.003218 
3	20600	0.004114	0.002550 
3	21100	0.006884	0.002679 
3	21600	0.004131	0.035091 
3	22100	0.004101	0.003026 
3	22600	0.004252	0.002815 
3	23100	0.004473	0.003105 
3	23600	0.004468	0.002965 
3	24100	0.030889	0.006421 
3	24600	0.004532	0.003139 
3	25100	0.004657	0.013465 
3	25600	0.025144	0.003946 
3	26100	0.005270	0.003861 
3	26600	0.004942	0.003352 
3	27100	0.006114	0.005032 
3	27600	0.006189	0.005808 
3	28100	0.032162	0.013936 
3	28600	0.008522	0.012829 
3	29100	0.006147	0.008464 
3	29600	0.005929	0.003753 
3	30100	0.009369	0.003911 
3	30600	0.006572	0.004359 
3	31100	0.006851	0.004851 
3	31600	0.007272	0.004824 
3	32100	0.006149	0.004116 
3	32600	0.006191	0.004329 
3	33100	0.009155	0.013629 
3	33600	0.006625	0.004387 
3	34100	0.006752	0.004621 
3	34600	0.006829	0.004461 
3	35100	0.006896	0.004735 
3	35600	0.007055	0.004664 
3	36100	0.008495	0.004746 
3	36600	0.023104	0.012141 
3	37100	0.007520	0.004970 
3	37600	0.015111	0.010655 
3	38100	0.007546	0.004997 
3	38600	0.007510	0.013414 
3	39100	0.014963	0.005152 
3	39600	0.010685	0.005968 
3	40100	0.007936	0.005575 
3	40600	0.008646	0.005602 
3	41100	0.008034	0.006075 
3	41600	0.008106	0.005505 
3	42100	0.009845	0.005661 
3	42600	0.008331	0.010585 
3	43100	0.008963	0.005851 
3	43600	0.008712	0.010723 
3	44100	0.008735	0.005973 
3	44600	0.009677	0.013339 
3	45100	0.008925	0.006116 
3	45600	0.014944	0.006266 
3	46100	0.009615	0.006233 
3	46600	0.011501	0.006458 
3	47100	0.028758	0.006489 
3	47600	0.009726	0.006843 
3	48100	0.015277	0.006966 
3	48600	0.014067	0.012039 
3	49100	0.009894	0.014378 
3	49600	0.010313	0.018032 
3	50100	0.010020	0.007173 
3	50600	0.038511	0.008506 
3	51100	0.010843	0.022850 
3	51600	0.010988	0.007141 
3	52100	0.025401	0.007392 
3	52600	0.010486	0.009192 
3	53100	0.011304	0.007487 
3	53600	0.015792	0.007549 
3	54100	0.011027	0.007984 
3	54600	0.011317	0.008022 
3	55100	0.011186	0.008124 
3	55600	0.011398	0.008972 
3	56100	0.012766	0.008110 
3	56600	0.011620	0.009022 
3	57100	0.012005	0.008296 
3	57600	0.011799	0.008612 
3	58100	0.011963	0.009495 
3	58600	0.012049	0.008584 
3	59100	0.012504	0.026003 
3	59600	0.012958	0.012512 
3	60100	0.023648	0.008776 
3	60600	0.014739	0.010005 
3	61100	0.012522	0.009069 
3	61600	0.012800	0.009090 
3	62100	0.017480	0.009511 
3	62600	0.013287	0.010848 
3	63100	0.015295	0.009367 
3	63600	0.013233	0.028407 
3	64100	0.028862	0.011320 
3	64600	0.013391	0.009734 
3	65100	0.014347	0.009999 
3	65600	0.015794	0.009667 
3	66100	0.042007	0.016888 
3	66600	0.016173	0.010419 
3	67100	0.015190	0.025760 
3	67600	0.015237	0.009959 
3	68100	0.015206	0.010903 
3	68600	0.017228	0.010711 
3	69100	0.015294	0.010099 
3	69600	0.015696	0.010492 
3	70100	0.015677	0.010416 
3	70600	0.036228	0.019580 
3	71100	0.015657	0.015843 
3	71600	0.036358	0.011418 
3	72100	0.021170	0.011025 
3	72600	0.022318	0.011492 
3	73100	0.019322	0.017582 
3	73600	0.018264	0.020631 
3	74100	0.017136	0.011495 
3	74600	0.043413	0.014325 
3	75100	0.021335	0.012292 
3	75600	0.019009	0.013465 
3	76100	0.018203	0.011969 
3	76600	0.018557	0.011882 
3	77100	0.029635	0.011539 
3	77600	0.018625	0.013069 
3	78100	0.018815	0.013238 
3	78600	0.018811	0.015956 
3	79100	0.018302	0.013085 
3	79600	0.021283	0.012131 
3	80100	0.025944	0.012473 
3	80600	0.030975	0.013126 
3	81100	0.046333	0.012565 
3	81600	0.032868	0.012721 
3	82100	0.018490	0.012898 
3	82600	0.025473	0.013294 
3	83100	0.019189	0.017832 
3	83600	0.018729	0.013354 
3	84100	0.019785	0.014274 
3	84600	0.018963	0.022110 
3	85100	0.019037	0.013672 
3	85600	0.018916	0.014017 
3	86100	0.019733	0.016165 
3	86600	0.019076	0.015058 
3	87100	0.030048	0.014303 
3	87600	0.025055	0.014522 
3	88100	0.019519	0.017141 
3	88600	0.021422	0.014497 
3	89100	0.026244	0.014398 
3	89600	0.025511	0.014594 
3	90100	0.022314	0.014725 
3	90600	0.027521	0.014631 
3	91100	0.019912	0.016543 
3	91600	0.021782	0.030729 
3	92100	0.026432	0.016251 
3	92600	0.020765	0.015817 
3	93100	0.021834	0.026666 
3	93600	0.021982	0.018176 
3	94100	0.021318	0.019756 
3	94600	0.021574	0.025466 
3	95100	0.021319	0.016001 
3	95600	0.021499	0.016008 
3	96100	0.025890	0.017346 
3	96600	0.020942	0.015831 
3	97100	0.022328	0.016339 
3	97600	0.022162	0.016810 
3	98100	0.022172	0.016146 
3	98600	0.022171	0.018745 
3	99100	0.021995	0.016283 
3	99600	0.028329	0.031954 
4	100	0.000018	0.000007 
4	600	0.000100	0.000053 
4	1100	0.000202	0.000104 
4	1600	0.000243	0.000161 
4	2100	0.000352	0.000212 
4	2600	0.000392	0.000290 
4	3100	0.000472	0.000839 
4	3600	0.000561	0.000398 
4	4100	0.000643	0.000474 
4	4600	0.000747	0.000561 
4	5100	0.000805	0.000579 
4	5600	0.000893	0.000643 
4	6100	0.002808	0.000686 
4	6600	0.001066	0.000766 
4	7100	0.001158	0.000830 
4	7600	0.001259	0.000882 
4	8100	0.001342	0.002559 
4	8600	0.001509	0.001018 
4	9100	0.001591	0.001084 
4	9600	0.001631	0.001121 
4	10100	0.001713	0.001209 
4	10600	0.001946	0.001268 
4	11100	0.001876	0.001848 
4	11600	0.002948	0.001426 
4	12100	0.002785	0.001482 
4	12600	0.002200	0.001540 
4	13100	0.002266	0.006984 
4	13600	0.008211	0.001732 
4	14100	0.002447	0.001700 
4	14600	0.005054	0.004893 
4	15100	0.002641	0.001879 
4	15600	0.002780	0.001908 
4	16100	0.002946	0.002017 
4	16600	0.003054	0.002092 
4	17100	0.003403	0.002807 
4	17600	0.003231	0.002271 
4	18100	0.003314	0.002421 
4	18600	0.003450	0.002352 
4	19100	0.003830	0.002396 
4	19600	0.003929	0.002459 
4	20100	0.004601	0.002565 
4	20600	0.003790	0.002611 
4	21100	0.003884	0.002711 
4	21600	0.004350	0.003185 
4	22100	0.004072	0.003088 
4	22600	0.004159	0.004302 
4	23100	0.004246	0.003059 
4	23600	0.004376	0.003017 
4	24100	0.004497	0.003146 
4	24600	0.004567	0.003200 
4	25100	0.004773	0.003238 
4	25600	0.004744	0.004640 
4	26100	0.005153	0.003885 
4	26600	0.019727	0.007132 
4	27100	0.006977	0.003541 
4	27600	0.005137	0.003885 
4	28100	0.007011	0.019473 
4	28600	0.005437	0.003684 
4	29100	0.015023	0.004024 
4	29600	0.005586	0.003871 
4	30100	0.005736	0.027529 
4	30600	0.006351	0.004057 
4	31100	0.006239	0.004899 
4	31600	0.006094	0.010437 
4	32100	0.007290	0.004770 
4	32600	0.006265	0.004400 
4	33100	0.006774	0.004497 
4	33600	0.017148	0.004451 
4	34100	0.012344	0.006211 
4	34600	0.007748	0.004707 
4	35100	0.007383	0.006418 
4	35600	0.007060	0.004835 
4	36100	0.007221	0.010143 
4	36600	0.007569	0.005001 
4	37100	0.007372	0.005164 
4	37600	0.007982	0.004999 
4	38100	0.013109	0.011292 
4	38600	0.007670	0.005277 
4	39100	0.007771	0.005525 
4	39600	0.007862	0.005498 
4	40100	0.007973	0.006025 
4	40600	0.008066	0.005418 
4	41100	0.008407	0.005775 
4	41600	0.008284	0.005537 
4	42100	0.010225	0.005677 
4	42600	0.009144	0.009551 
4	43100	0.009788	0.021643 
4	43600	0.013923	0.025541 
4	44100	0.008820	0.006063 
4	44600	0.009436	0.012497 
4	45100	0.009278	0.006258 
4	45600	0.009318	0.006281 
4	46100	0.049102	0.007241 
4	46600	0.018198	0.006473 
4	47100	0.010621	0.006813 
4	47600	0.011256	0.006556 
4	48100	0.015764	0.006639 
4	48600	0.013964	0.006721 
4	49100	0.009961	0.006834 
4	49600	0.012590	0.007752 
4	50100	0.012120	0.007521 
4	50600	0.015826	0.007757 
4	51100	0.011387	0.007845 
4	51600	0.010646	0.016643 
4	52100	0.011384	0.007461 
4	52600	0.016218	0.007424 
4	53100	0.010783	0.007825 
4	53600	0.010866	0.007420 
4	54100	0.021298	0.007380 
4	54600	0.011323	0.023627 
4	55100	0.013148	0.007563 
4	55600	0.011255	0.007893 
4	56100	0.013676	0.007731 
4	56600	0.016914	0.009114 
4	57100	0.012689	0.007927 
4	57600	0.012960	0.012959 
4	58100	0.012680	0.009879 
4	58600	0.012679	0.014956 
4	59100	0.012266	0.008656 
4	59600	0.012597	0.008873 
4	60100	0.015708	0.008502 
4	60600	0.012550	0.008646 
4	61100	0.012678	0.008594 
4	61600	0.014236	0.013395 
4	62100	0.013195	0.009353 
4	62600	0.019586	0.008867 
4	63100	0.013392	0.008687 
4	63600	0.019269	0.011884 
4	64100	0.013739	0.009570 
4	64600	0.013919	0.009423 
4	65100	0.019141	0.009893 
4	65600	0.015373	0.009362 
4	66100	0.033540	0.014769 
4	66600	0.015550	0.010130 
4	67100	0.015499	0.013040 
4	67600	0.015661	0.009523 
4	68100	0.017276	0.009794 
4	68600	0.015769	0.009549 
4	69100	0.030057	0.025798 
4	69600	0.022976	0.010078 
4	70100	0.028656	0.010563 
4	70600	0.017779	0.015583 
4	71100	0.017513	0.010162 
4	71600	0.016365	0.011188 
4	72100	0.023862	0.011798 
4	72600	0.023595	0.015084 
4	73100	0.021771	0.010419 
4	73600	0.037232	0.010723 
4	74100	0.018607	0.010647 
4	74600	0.021301	0.010684 
4	75100	0.022799	0.013210 
4	75600	0.017816	0.016363 
4	76100	0.018071	0.010806 
4	76600	0.033441	0.010947 
4	77100	0.020190	0.012120 
4	77600	0.018023	0.029858 
4	78100	0.017895	0.012353 
4	78600	0.018780	0.015533 
4	79100	0.018490	0.012393 
4	79600	0.024413	0.014036 
4	80100	0.018179	0.012195 
4	80600	0.019066	0.011621 
4	81100	0.018802	0.013297 
4	81600	0.030567	0.011934 
4	82100	0.026992	0.012301 
4	82600	0.031725	0.012200 
4	83100	0.021323	0.012477 
4	83600	0.036243	0.012237 
4	84100	0.029713	0.033817 
4	84600	0.019935	0.012824 
4	85100	0.026959	0.012297 
4	85600	0.019758	0.012141 
4	86100	0.024867	0.012549 
4	86600	0.021175	0.012811 
4	87100	0.043800	0.018192 
4	87600	0.020131	0.012802 
4	88100	0.021801	0.012724 
4	88600	0.024956	0.017715 
4	89100	0.021002	0.038365 
4	89600	0.026584	0.017666 
4	90100	0.020589	0.013808 
4	90600	0.022265	0.018569 
4	91100	0.033527	0.013316 
4	91600	0.020757	0.013702 
4	92100	0.021531	0.016048 
4	92600	0.023825	0.013263 
4	93100	0.021000	0.013751 
4	93600	0.021631	0.029646 
4	94100	0.022042	0.015155 
4	94600	0.038433	0.019300 
4	95100	0.036930	0.016173 
4	95600	0.023997	0.020508 
4	96100	0.021680	0.015531 
4	96600	0.027284	0.014086 
4	97100	0.025776	0.014050 
4	97600	0.022748	0.014363 
4	98100	0.023079	0.031736 
4	98600	0.022517	0.014527 
4	99100	0.022487	0.018849 
4	99600	0.023179	0.014657 
5	100	0.000017	0.000007 
5	600	0.000093	0.000055 
5	1100	0.000175	0.000104 
5	1600	0.000246	0.000159 
5	2100	0.000627	0.000211 
5	2600	0.000604	0.000267 
5	3100	0.000477	0.000326 
5	3600	0.000588	0.000395 
5	4100	0.000648	0.000458 
5	4600	0.000754	0.000517 
5	5100	0.000821	0.000565 
5	5600	0.000895	0.000623 
5	6100	0.000985	0.000689 
5	6600	0.001071	0.000758 
5	7100	0.001178	0.001305 
5	7600	0.001254	0.000908 
5	8100	0.029348	0.000944 
5	8600	0.001644	0.001006 
5	9100	0.006458	0.001275 
5	9600	0.002609	0.001112 
5	10100	0.001718	0.001206 
5	10600	0.001794	0.001293 
5	11100	0.001950	0.001363 
5	11600	0.001965	0.001367 
5	12100	0.002075	0.001481 
5	12600	0.003432	0.002037 
5	13100	0.002291	0.007192 
5	13600	0.002867	0.001634 
5	14100	0.002500	0.010642 
5	14600	0.002589	0.001791 
5	15100	0.003322	0.001835 
5	15600	0.002744	0.002377 
5	16100	0.003624	0.001994 
5	16600	0.003101	0.002069 
5	17100	0.003097	0.002129 
5	17600	0.003621	0.012356 
5	18100	0.003375	0.002285 
5	18600	0.003410	0.002371 
5	19100	0.008955	0.002973 
5	19600	0.003556	0.002475 
5	20100	0.003630	0.002598 
5	20600	0.003892	0.002638 
5	21100	0.003822	0.002999 
5	21600	0.003991	0.002779 
5	22100	0.005374	0.002975 
5	22600	0.004514	0.002946 
5	23100	0.004576	0.003277 
5	23600	0.011105	0.003134 
5	24100	0.004538	0.004042 
5	24600	0.004575	0.003193 
5	25100	0.004667	0.004117 
5	25600	0.004747	0.003442 
5	26100	0.022025	0.005775 
5	26600	0.006148	0.003439 
5	27100	0.005046	0.003827 
5	27600	0.005494	0.003630 
5	28100	0.006308	0.028782 
5	28600	0.005378	0.003743 
5	29100	0.008931	0.003770 
5	29600	0.009668	0.003832 
5	30100	0.006454	0.003972 
5	30600	0.009804	0.012263 
5	31100	0.011731	0.004117 
5	31600	0.006102	0.004201 
5	32100	0.011530	0.004240 
5	32600	0.006336	0.004272 
5	33100	0.006639	0.004479 
5	33600	0.006796	0.004913 
5	34100	0.006830	0.005273 
5	34600	0.008767	0.004634 
5	35100	0.015535	0.004732 
5	35600	0.007238	0.004795 
5	36100	0.007311	0.004822 
5	36600	0.007370	0.005054 
5	37100	0.008874	0.011675 
5	37600	0.007590	0.005038 
5	38100	0.008000	0.005181 
5	38600	0.008265	0.005368 
5	39100	0.008186	0.005422 
5	39600	0.014719	0.005473 
5	40100	0.008448	0.005615 
5	40600	0.009057	0.005637 
5	41100	0.009257	0.005695 
5	41600	0.009086	0.005773 
5	42100	0.008518	0.005871 
5	42600	0.008589	0.006381 
5	43100	0.017817	0.006071 
5	43600	0.013675	0.007463 
5	44100	0.010622	0.006643 
5	44600	0.010392	0.006366 
5	45100	0.009164	0.006188 
5	45600	0.009237	0.006419 
5	46100	0.015482	0.006401 
5	46600	0.009608	0.006474 
5	47100	0.010191	0.006962 
5	47600	0.013663	0.007073 
5	48100	0.018560	0.006576 
5	48600	0.009785	0.006799 
5	49100	0.009907	0.008812 
5	49600	0.010104	0.006850 
5	50100	0.010200	0.008789 
5	50600	0.011710	0.010417 
5	51100	0.011247	0.007075 
5	51600	0.010680	0.015784 
5	52100	0.011667	0.007296 
5	52600	0.010789	0.007227 
5	53100	0.013819	0.007344 
5	53600	0.011095	0.009782 
5	54100	0.011305	0.007948 
5	54600	0.027854	0.007761 
5	55100	0.011486	0.017412 
5	55600	0.013842	0.008212 
5	56100	0.017332	0.007910 
5	56600	0.012586	0.011713 
5	57100	0.012431	0.008196 
5	57600	0.017339	0.007951 
5	58100	0.017681	0.008218 
5	58600	0.015440	0.011635 
5	59100	0.013830	0.008337 
5	59600	0.041905	0.018822 
5	60100	0.015194	0.008559 
5	60600	0.012944	0.008331 
5	61100	0.012754	0.008696 
5	61600	0.013567	0.015781 
5	62100	0.013497	0.009202 
5	62600	0.014911	0.014682 
5	63100	0.013270	0.011046 
5	63600	0.026939	0.011238 
5	64100	0.067298	0.010064 
5	64600	0.013768	0.014468 
5	65100	0.013889	0.009025 
5	65600	0.015393	0.009112 
5	66100	0.016883	0.009530 
5	66600	0.015533	0.009701 
5	67100	0.035320	0.009646 
5	67600	0.017434	0.015487 
5	68100	0.020407	0.009630 
5	68600	0.015557	0.011746 
5	69100	0.020360	0.009747 
5	69600	0.016346	0.010190 
5	70100	0.016170	0.010077 
5	70600	0.019503	0.009962 
5	71100	0.019181	0.014989 
5	71600	0.023786	0.010261 
5	72100	0.017820	0.010575 
5	72600	0.038700	0.010353 
5	73100	0.016879	0.010760 
5	73600	0.018755	0.015218 
5	74100	0.018908	0.018612 
5	74600	0.017347	0.015440 
5	75100	0.017626	0.010749 
5	75600	0.017852	0.011699 
5	76100	0.017469	0.010804 
5	76600	0.017881	0.011691 
5	77100	0.024964	0.011178 
5	77600	0.018417	0.011109 
5	78100	0.019995	0.011638 
5	78600	0.025398	0.011239 
5	79100	0.018358	0.011543 
5	79600	0.018316	0.012194 
5	80100	0.025176	0.012074 
5	80600	0.027898	0.011696 
5	81100	0.018649	0.017110 
5	81600	0.019909	0.012069 
5	82100	0.031849	0.011841 
5	82600	0.022269	0.011787 
5	83100	0.028326	0.012407 
5	83600	0.019190	0.013043 
5	84100	0.024004	0.012503 
5	84600	0.020167	0.013984 
5	85100	0.019772	0.013415 
5	85600	0.019451	0.020410 
5	86100	0.019794	0.012798 
5	86600	0.028046	0.012541 
5	87100	0.074551	0.013212 
5	87600	0.020284	0.012656 
5	88100	0.020163	0.013048 
5	88600	0.035517	0.013116 
5	89100	0.021921	0.013287 
5	89600	0.020557	0.015526 
5	90100	0.029497	0.013148 
5	90600	0.021614	0.013404 
5	91100	0.027543	0.013394 
5	91600	0.021111	0.018957 
5	92100	0.021479	0.014073 
5	92600	0.056531	0.015431 
5	93100	0.023653	0.014935 
5	93600	0.026481	0.015066 
5	94100	0.022262	0.015485 
5	94600	0.021764	0.016604 
5	95100	0.024823	0.016821 
5	95600	0.076945	0.015163 
5	96100	0.031218	0.015352 
5	96600	0.041759	0.037237 
5	97100	0.028356	0.015650 
5	97600	0.030080	0.016247 
5	98100	0.036193	0.026577 
5	98600	0.039143	0.025604 
5	99100	0.029556	0.016409 
5	99600	0.039807	0.016246 
6	100	0.000018	0.000007 
6	600	0.000100	0.000054 
6	1100	0.000161	0.000106 
6	1600	0.000245	0.000157 
6	2100	0.000345	0.000213 
6	2600	0.000411	0.000272 
6	3100	0.000545	0.000328 
6	3600	0.000598	0.000380 
6	4100	0.000649	0.000446 
6	4600	0.000734	0.001127 
6	5100	0.000810	0.000575 
6	5600	0.000900	0.000962 
6	6100	0.000985	0.000690 
6	6600	0.001071	0.002652 
6	7100	0.002077	0.001047 
6	7600	0.001352	0.001243 
6	8100	0.001373	0.000944 
6	8600	0.001619	0.000981 
6	9100	0.001520	0.001099 
6	9600	0.001605	0.001138 
6	10100	0.001704	0.001223 
6	10600	0.002520	0.001292 
6	11100	0.002205	0.001352 
6	11600	0.001975	0.001394 
6	12100	0.002064	0.001463 
6	12600	0.002151	0.001534 
6	13100	0.002251	0.001673 
6	13600	0.002510	0.001657 
6	14100	0.005570	0.001732 
6	14600	0.002589	0.001811 
6	15100	0.004544	0.003035 
6	15600	0.002745	0.001988 
6	16100	0.003349	0.001996 
6	16600	0.003000	0.007040 
6	17100	0.003096	0.002168 
6	17600	0.003174	0.002195 
6	18100	0.003256	0.002245 
6	18600	0.003432	0.002391 
6	19100	0.003449	0.002374 
6	19600	0.003539	0.003957 
6	20100	0.003632	0.002619 
6	20600	0.005635	0.002661 
6	21100	0.003807	0.002685 
6	21600	0.006433	0.002738 
6	22100	0.004023	0.018754 
6	22600	0.004768	0.002912 
6	23100	0.008949	0.003252 
6	23600	0.004356	0.003158 
6	24100	0.004610	0.003240 
6	24600	0.004539	0.003283 
6	25100	0.004723	0.007818 
6	25600	0.006253	0.003380 
6	26100	0.005185	0.004056 
6	26600	0.005130	0.003536 
6	27100	0.005321	0.003581 
6	27600	0.008582	0.003636 
6	28100	0.005506	0.005360 
6	28600	0.008707	0.003870 
6	29100	0.005586	0.004168 
6	29600	0.005772	0.003851 
6	30100	0.005795	0.006727 
6	30600	0.006783	0.004295 
6	31100	0.006048	0.004221 
6	31600	0.013154	0.004316 
6	32100	0.006268	0.004417 
6	32600	0.006352	0.004409 
6	33100	0.006826	0.004458 
6	33600	0.007228	0.004549 
6	34100	0.010006	0.005284 
6	34600	0.007285	0.004677 
6	35100	0.011445	0.004726 
6	35600	0.007472	0.004864 
6	36100	0.007221	0.004960 
6	36600	0.063225	0.015500 
6	37100	0.009919	0.004990 
6	37600	0.007545	0.005255 
6	38100	0.013043	0.005091 
6	38600	0.007891	0.005148 
6	39100	0.019977	0.005243 
6	39600	0.016159	0.007831 
6	40100	0.010546	0.005580 
6	40600	0.008454	0.005456 
6	41100	0.008218	0.005480 
6	41600	0.040916	0.006400 
6	42100	0.008489	0.010081 
6	42600	0.008515	0.005922 
6	43100	0.009350	0.006003 
6	43600	0.019945	0.006229 
6	44100	0.008891	0.005987 
6	44600	0.009191	0.006245 
6	45100	0.009236	0.006266 
6	45600	0.009237	0.006153 
6	46100	0.009911	0.006407 
6	46600	0.019208	0.006407 
6	47100	0.015404	0.006463 
6	47600	0.010483	0.006375 
6	48100	0.010901	0.006814 
6	48600	0.010843	0.006608 
6	49100	0.009937	0.009103 
6	49600	0.011571	0.019633 
6	50100	0.010698	0.007455 
6	50600	0.022313	0.007245 
6	51100	0.010420	0.007328 
6	51600	0.011033	0.007846 
6	52100	0.010997	0.014707 
6	52600	0.010934	0.007267 
6	53100	0.011909	0.007335 
6	53600	0.010872	0.008574 
6	54100	0.022514	0.007658 
6	54600	0.011122	0.007663 
6	55100	0.012320	0.012805 
6	55600	0.012651	0.018428 
6	56100	0.012291	0.013275 
6	56600	0.012236	0.008181 
6	57100	0.033577	0.007934 
6	57600	0.011805	0.008045 
6	58100	0.012404	0.008148 
6	58600	0.024083	0.008463 
6	59100	0.012386	0.008599 
6	59600	0.012185	0.009941 
6	60100	0.015012	0.009556 
6	60600	0.012807	0.008590 
6	61100	0.014617	0.008882 
6	61600	0.013031	0.015700 
6	62100	0.012850	0.009151 
6	62600	0.029022	0.010713 
6	63100	0.016299	0.009673 
6	63600	0.016551	0.011002 
6	64100	0.025951	0.011441 
6	64600	0.022615	0.010705 
6	65100	0.042427	0.023571 
6	65600	0.017077	0.014631 
6	66100	0.015761	0.010834 
6	66600	0.015203	0.009480 
6	67100	0.015409	0.009389 
6	67600	0.015131	0.014478 
6	68100	0.039028	0.009599 
6	68600	0.017109	0.009871 
6	69100	0.016862	0.010084 
6	69600	0.021474	0.010681 
6	70100	0.017115	0.010316 
6	70600	0.016170	0.010849 
6	71100	0.018384	0.010369 
6	71600	0.022797	0.010396 
6	72100	0.020434	0.010695 
6	72600	0.034353	0.016052 
6	73100	0.018379	0.010585 
6	73600	0.020783	0.016600 
6	74100	0.033883	0.013848 
6	74600	0.017753	0.018087 
6	75100	0.017252	0.010944 
6	75600	0.021053	0.011233 
6	76100	0.017248	0.029250 
6	76600	0.017584	0.010742 
6	77100	0.017730	0.012251 
6	77600	0.023534	0.012163 
6	78100	0.017644	0.028217 
6	78600	0.023041	0.031170 
6	79100	0.018269	0.011595 
6	79600	0.026628	0.011549 
6	80100	0.019212	0.012788 
6	80600	0.018591	0.012054 
6	81100	0.018942	0.012167 
6	81600	0.019881	0.012051 
6	82100	0.024362	0.012154 
6	82600	0.020605	0.012302 
6	83100	0.019740	0.018224 
6	83600	0.024509	0.041374 
6	84100	0.018948	0.013814 
6	84600	0.028366	0.012643 
6	85100	0.020720	0.012660 
6	85600	0.026546	0.014213 
6	86100	0.019759	0.019281 
6	86600	0.047773	0.012904 
6	87100	0.031608	0.028986 
6	87600	0.019834	0.012972 
6	88100	0.021431	0.020438 
6	88600	0.027716	0.013214 
6	89100	0.022015	0.043939 
6	89600	0.028368	0.013307 
6	90100	0.020392	0.013078 
6	90600	0.020485	0.015938 
6	91100	0.035696	0.018276 
6	91600	0.028260	0.013846 
6	92100	0.020977	0.019518 
6	92600	0.028346	0.017167 
6	93100	0.023465	0.014258 
6	93600	0.021302	0.013843 
6	94100	0.021407	0.014228 
6	94600	0.021534	0.014155 
6	95100	0.021902	0.014045 
6	95600	0.022940	0.020946 
6	96100	0.022128	0.015701 
6	96600	0.021800	0.029434 
6	97100	0.027191	0.020291 
6	97600	0.022902	0.030143 
6	98100	0.049149	0.014384 
6	98600	0.022892	0.044432 
6	99100	0.030569	0.015433 
6	99600	0.022624	0.015044 
7	100	0.000015	0.000008 
7	600	0.000142	0.000055 
7	1100	0.000176	0.000109 
7	1600	0.000236	0.000162 
7	2100	0.000326	0.000213 
7	2600	0.000438	0.000270 
7	3100	0.000549	0.000340 
7	3600	0.000578	0.000391 
7	4100	0.000663	0.000457 
7	4600	0.000739	0.006650 
7	5100	0.000821	0.000573 
7	5600	0.001016	0.000653 
7	6100	0.000984	0.000696 
7	6600	0.001076	0.000774 
7	7100	0.001179	0.002721 
7	7600	0.001269	0.000915 
7	8100	0.001404	0.000956 
7	8600	0.001606	0.001076 
7	9100	0.001550	0.001078 
7	9600	0.001649	0.001179 
7	10100	0.001764	0.002059 
7	10600	0.001797	0.001273 
7	11100	0.004620	0.001351 
7	11600	0.004801	0.001418 
7	12100	0.002118	0.001479 
7	12600	0.002216	0.001561 
7	13100	0.002412	0.001618 
7	13600	0.002567	0.001676 
7	14100	0.002517	0.001784 
7	14600	0.002560	0.001807 
7	15100	0.002790	0.001909 
7	15600	0.025604	0.001973 
7	16100	0.003735	0.009590 
7	16600	0.003361	0.002058 
7	17100	0.003136	0.002156 
7	17600	0.003307	0.002219 
7	18100	0.003324	0.002355 
7	18600	0.003511	0.002467 
7	19100	0.012049	0.002463 
7	19600	0.003724	0.002492 
7	20100	0.003749	0.002577 
7	20600	0.003952	0.002633 
7	21100	0.005690	0.009818 
7	21600	0.006227	0.002796 
7	22100	0.005653	0.002862 
7	22600	0.004189	0.002973 
7	23100	0.007834	0.004101 
7	23600	0.005087	0.003049 
7	24100	0.004489	0.015542 
7	24600	0.005341	0.026269 
7	25100	0.005236	0.003594 
7	25600	0.005024	0.003289 
7	26100	0.004883	0.011827 
7	26600	0.011238	0.003576 
7	27100	0.005407	0.003941 
7	27600	0.022539	0.003565 
7	28100	0.005273	0.005245 
7	28600	0.005389	0.004484 
7	29100	0.006669	0.003864 
7	29600	0.006064	0.003866 
7	30100	0.005824	0.007780 
7	30600	0.007346	0.007399 
7	31100	0.007333	0.005032 
7	31600	0.006960	0.004406 
7	32100	0.041416	0.004287 
7	32600	0.006257	0.004283 
7	33100	0.012254	0.004418 
7	33600	0.007863	0.004502 
7	34100	0.006802	0.004523 
7	34600	0.007490	0.004931 
7	35100	0.045526	0.004628 
7	35600	0.007099	0.004720 
7	36100	0.007549	0.004812 
7	36600	0.008071	0.004866 
7	37100	0.007444	0.004994 
7	37600	0.007558	0.005131 
7	38100	0.012335	0.005092 
7	38600	0.007969	0.011164 
7	39100	0.011862	0.009822 
7	39600	0.013275	0.006796 
7	40100	0.013336	0.005492 
7	40600	0.008117	0.005750 
7	41100	0.015944	0.008080 
7	41600	0.008377	0.005847 
7	42100	0.008449	0.006034 
7	42600	0.008761	0.006732 
7	43100	0.009036	0.011650 
7	43600	0.012602	0.005928 
7	44100	0.014165	0.006224 
7	44600	0.009939	0.006300 
7	45100	0.016915	0.007222 
7	45600	0.009430	0.006242 
7	46100	0.009504	0.007395 
7	46600	0.047364	0.006807 
7	47100	0.010083	0.007584 
7	47600	0.010592	0.006809 
7	48100	0.009818	0.006612 
7	48600	0.010301	0.007278 
7	49100	0.010724	0.006671 
7	49600	0.026677	0.010500 
7	50100	0.011879	0.012590 
7	50600	0.010357	0.006903 
7	51100	0.012195	0.007001 
7	51600	0.010745	0.021757 
7	52100	0.016864	0.007201 
7	52600	0.011587	0.012990 
7	53100	0.015132	0.007460 
7	53600	0.011015	0.013068 
7	54100	0.011195	0.008049 
7	54600	0.012453	0.007620 
7	55100	0.011286	0.008005 
7	55600	0.051815	0.007668 
7	56100	0.013377	0.019390 
7	56600	0.011620	0.018113 
7	57100	0.011644	0.009817 
7	57600	0.034734	0.008009 
7	58100	0.012645	0.008087 
7	58600	0.012855	0.009076 
7	59100	0.012533	0.008672 
7	59600	0.047733	0.013692 
7	60100	0.016022	0.013492 
7	60600	0.012720	0.008614 
7	61100	0.012764	0.008714 
7	61600	0.013372	0.009235 
7	62100	0.014510	0.009820 
7	62600	0.028110	0.008822 
7	63100	0.016283	0.009920 
7	63600	0.035671	0.009868 
7	64100	0.018629	0.010332 
7	64600	0.031527	0.014412 
7	65100	0.014037	0.009084 
7	65600	0.024528	0.009309 
7	66100	0.025060	0.030138 
7	66600	0.016003	0.009630 
7	67100	0.015460	0.009868 
7	67600	0.015566	0.009587 
7	68100	0.016845	0.010466 
7	68600	0.018885	0.011033 
7	69100	0.017892	0.009818 
7	69600	0.016730	0.010880 
7	70100	0.021180	0.014297 
7	70600	0.016247	0.010227 
7	71100	0.028944	0.010496 
7	71600	0.017782	0.010920 
7	72100	0.016513	0.012456 
7	72600	0.022720	0.010574 
7	73100	0.026798	0.010789 
7	73600	0.022885	0.010601 
7	74100	0.017325	0.011080 
7	74600	0.021888	0.014500 
7	75100	0.018874	0.010972 
7	75600	0.035637	0.015962 
7	76100	0.018249	0.010884 
7	76600	0.019928	0.011024 
7	77100	0.018342	0.018909 
7	77600	0.017822	0.011237 
7	78100	0.018057	0.011447 
7	78600	0.022131	0.011659 
7	79100	0.023328	0.011666 
7	79600	0.018254	0.011828 
7	80100	0.024295	0.011445 
7	80600	0.018386	0.013670 
7	81100	0.019181	0.020543 
7	81600	0.018592	0.012091 
7	82100	0.023607	0.011778 
7	82600	0.018836	0.012018 
7	83100	0.044245	0.012380 
7	83600	0.019558	0.012464 
7	84100	0.019382	0.014756 
7	84600	0.020874	0.014835 
7	85100	0.019644	0.012869 
7	85600	0.024331	0.012545 
7	86100	0.020442	0.016148 
7	86600	0.019702	0.012289 
7	87100	0.021633	0.014434 
7	87600	0.020270	0.012546 
7	88100	0.025933	0.012526 
7	88600	0.020516	0.040118 
7	89100	0.021353	0.014331 
7	89600	0.021906	0.013322 
7	90100	0.021642	0.045820 
7	90600	0.021698	0.016927 
7	91100	0.027474	0.013519 
7	91600	0.021667	0.018597 
7	92100	0.030927	0.013808 
7	92600	0.021333	0.014553 
7	93100	0.027468	0.022734 
7	93600	0.037934	0.018190 
7	94100	0.038879	0.013837 
7	94600	0.026706	0.029986 
7	95100	0.025137	0.015715 
7	95600	0.022260	0.014985 
7	96100	0.022438	0.014616 
7	96600	0.022140	0.014170 
7	97100	0.027254	0.020836 
7	97600	0.023389	0.015923 
7	98100	0.051193	0.015421 
7	98600	0.023716	0.020958 
7	99100	0.022985	0.028224 
7	99600	0.023236	0.015044 
8	100	0.000016	0.000007 
8	600	0.000093	0.000052 
8	1100	0.000170	0.000106 
8	1600	0.000236	0.000159 
8	2100	0.000345	0.000213 
8	2600	0.000426	0.000278 
8	3100	0.000485	0.001859 
8	3600	0.000578	0.000390 
8	4100	0.000722	0.000643 
8	4600	0.000761	0.000928 
8	5100	0.000867	0.000572 
8	5600	0.000943	0.000625 
8	6100	0.000981	0.000697 
8	6600	0.001458	0.000755 
8	7100	0.001163	0.000823 
8	7600	0.001419	0.000885 
8	8100	0.001388	0.000981 
8	8600	0.001457	0.001019 
8	9100	0.001538	0.001072 
8	9600	0.001621	0.001140 
8	10100	0.002723	0.002399 
8	10600	0.001773	0.001263 
8	11100	0.001884	0.001330 
8	11600	0.001985	0.001398 
8	12100	0.002072	0.001478 
8	12600	0.004811	0.001513 
8	13100	0.002280	0.001600 
8	13600	0.004008	0.001659 
8	14100	0.002475	0.012683 
8	14600	0.002554	0.001908 
8	15100	0.004164	0.001936 
8	15600	0.002765	0.001943 
8	16100	0.003570	0.002597 
8	16600	0.006768	0.002094 
8	17100	0.003072	0.002136 
8	17600	0.003198	0.002915 
8	18100	0.003411	0.002243 
8	18600	0.003381	0.003341 
8	19100	0.003752	0.002443 
8	19600	0.009334	0.002501 
8	20100	0.003627	0.002604 
8	20600	0.003938	0.003395 
8	21100	0.003945	0.002721 
8	21600	0.003964	0.002718 
8	22100	0.004021	0.002928 
8	22600	0.004102	0.003037 
8	23100	0.004231	0.002943 
8	23600	0.004300	0.003060 
8	24100	0.004853	0.003840 
8	24600	0.004602	0.003259 
8	25100	0.004600	0.003372 
8	25600	0.015365	0.003336 
8	26100	0.004802	0.003378 
8	26600	0.005238	0.003564 
8	27100	0.005022	0.014089 
8	27600	0.006137	0.003544 
8	28100	0.005983	0.006479 
8	28600	0.005338	0.003716 
8	29100	0.005482	0.003807 
8	29600	0.013940	0.003805 
8	30100	0.005713	0.003945 
8	30600	0.007526	0.004020 
8	31100	0.005922	0.004582 
8	31600	0.006323	0.009681 
8	32100	0.006361	0.004258 
8	32600	0.011198	0.004291 
8	33100	0.006701	0.004352 
8	33600	0.006717	0.004472 
8	34100	0.007113	0.004801 
8	34600	0.007389	0.040761 
8	35100	0.007005	0.004596 
8	35600	0.007097	0.004745 
8	36100	0.022967	0.004885 
8	36600	0.007617	0.004813 
8	37100	0.007387	0.004972 
8	37600	0.007496	0.005483 
8	38100	0.007593	0.005262 
8	38600	0.010110	0.005751 
8	39100	0.010310	0.005452 
8	39600	0.012993	0.005862 
8	40100	0.008056	0.005386 
8	40600	0.010123	0.007477 
8	41100	0.008184	0.005567 
8	41600	0.008959	0.005586 
8	42100	0.020594	0.005739 
8	42600	0.015198	0.006314 
8	43100	0.008650	0.005828 
8	43600	0.018875	0.005885 
8	44100	0.016780	0.006032 
8	44600	0.009272	0.011614 
8	45100	0.009160	0.006285 
8	45600	0.009148	0.008047 
8	46100	0.009775	0.007423 
8	46600	0.009350	0.006367 
8	47100	0.015759	0.006386 
8	47600	0.010610	0.011140 
8	48100	0.010711	0.006741 
8	48600	0.016571	0.008253 
8	49100	0.009964	0.006812 
8	49600	0.010750	0.007565 
8	50100	0.010170	0.007131 
8	50600	0.010233	0.007110 
8	51100	0.011408	0.007057 
8	51600	0.011116	0.007081 
8	52100	0.010875	0.013572 
8	52600	0.057796	0.007604 
8	53100	0.011299	0.007237 
8	53600	0.011332	0.007331 
8	54100	0.012491	0.008037 
8	54600	0.011876	0.009428 
8	55100	0.011437	0.007714 
8	55600	0.016987	0.012662 
8	56100	0.017011	0.007943 
8	56600	0.014868	0.008030 
8	57100	0.011678	0.008309 
8	57600	0.011915	0.007955 
8	58100	0.012210	0.008387 
8	58600	0.013090	0.009612 
8	59100	0.012500	0.008358 
8	59600	0.013432	0.008378 
8	60100	0.013007	0.008988 
8	60600	0.034655	0.017577 
8	61100	0.013361	0.008758 
8	61600	0.012889	0.009115 
8	62100	0.014199	0.009397 
8	62600	0.013724	0.008847 
8	63100	0.013408	0.009729 
8	63600	0.019466	0.011230 
8	64100	0.018849	0.009872 
8	64600	0.026943	0.010176 
8	65100	0.013886	0.010254 
8	65600	0.015047	0.009582 
8	66100	0.015706	0.010100 
8	66600	0.020221	0.055480 
8	67100	0.016274	0.010801 
8	67600	0.015786	0.010106 
8	68100	0.016274	0.010209 
8	68600	0.016800	0.009938 
8	69100	0.016530	0.010080 
8	69600	0.024369	0.027094 
8	70100	0.016210	0.009892 
8	70600	0.016186	0.015488 
8	71100	0.017929	0.009946 
8	71600	0.016369	0.010354 
8	72100	0.024560	0.010396 
8	72600	0.016658	0.015977 
8	73100	0.017527	0.022367 
8	73600	0.023987	0.010461 
8	74100	0.016977	0.015863 
8	74600	0.026415	0.011157 
8	75100	0.030021	0.012022 
8	75600	0.017311	0.017295 
8	76100	0.021815	0.011208 
8	76600	0.022598	0.011218 
8	77100	0.034816	0.011304 
8	77600	0.017760	0.016465 
8	78100	0.018779	0.011405 
8	78600	0.017839	0.011568 
8	79100	0.019184	0.011320 
8	79600	0.021783	0.011859 
8	80100	0.019859	0.011770 
8	80600	0.021698	0.011961 
8	81100	0.021078	0.012196 
8	81600	0.027203	0.012733 
8	82100	0.019217	0.012040 
8	82600	0.020700	0.012300 
8	83100	0.073204	0.011749 
8	83600	0.023660	0.015749 
8	84100	0.026304	0.012103 
8	84600	0.019277	0.012815 
8	85100	0.047115	0.014330 
8	85600	0.019865	0.028955 
8	86100	0.031851	0.012819 
8	86600	0.019408	0.013520 
8	87100	0.020062	0.012495 
8	87600	0.019903	0.013035 
8	88100	0.049308	0.013707 
8	88600	0.021356	0.013470 
8	89100	0.043010	0.013057 
8	89600	0.020365	0.013720 
8	90100	0.027256	0.013421 
8	90600	0.063811	0.018028 
8	91100	0.024790	0.013641 
8	91600	0.021640	0.018852 
8	92100	0.024945	0.013623 
8	92600	0.021232	0.014030 
8	93100	0.021748	0.013793 
8	93600	0.022890	0.014716 
8	94100	0.021417	0.014102 
8	94600	0.026151	0.014049 
8	95100	0.023203	0.027304 
8	95600	0.028958	0.014275 
8	96100	0.052120	0.014840 
8	96600	0.028741	0.019952 
8	97100	0.055441	0.015004 
8	97600	0.044122	0.022036 
8	98100	0.022219	0.035626 
8	98600	0.022727	0.014493 
8	99100	0.038456	0.014533 
8	99600	0.026574	0.014982 
9	100	0.000013	0.000007 
9	600	0.000111	0.000055 
9	1100	0.000173	0.000107 
9	1600	0.000247	0.000157 
9	2100	0.000341	0.000218 
9	2600	0.000406	0.000273 
9	3100	0.000524	0.000337 
9	3600	0.000571	0.000390 
9	4100	0.000642	0.000458 
9	4600	0.000725	0.000510 
9	5100	0.000809	0.000578 
9	5600	0.001078	0.000642 
9	6100	0.000987	0.000690 
9	6600	0.002036	0.000783 
9	7100	0.001895	0.016028 
9	7600	0.001280	0.000881 
9	8100	0.012199	0.000936 
9	8600	0.001440	0.001029 
9	9100	0.001827	0.001074 
9	9600	0.001969	0.001137 
9	10100	0.002014	0.001194 
9	10600	0.001811	0.001276 
9	11100	0.001883	0.001310 
9	11600	0.004386	0.002228 
9	12100	0.002093	0.001457 
9	12600	0.002172	0.001514 
9	13100	0.002257	0.003746 
9	13600	0.002360	0.001630 
9	14100	0.002461	0.001846 
9	14600	0.003066	0.001824 
9	15100	0.002686	0.001941 
9	15600	0.002748	0.014286 
9	16100	0.015603	0.003709 
9	16600	0.003007	0.002062 
9	17100	0.003144	0.002106 
9	17600	0.003199	0.028719 
9	18100	0.003260	0.002297 
9	18600	0.003335	0.002387 
9	19100	0.004065	0.002409 
9	19600	0.003521	0.002846 
9	20100	0.003832	0.004624 
9	20600	0.004471	0.005711 
9	21100	0.003839	0.002659 
9	21600	0.004045	0.002735 
9	22100	0.004060	0.002866 
9	22600	0.004227	0.003411 
9	23100	0.004252	0.002940 
9	23600	0.004363	0.003060 
9	24100	0.005108	0.003094 
9	24600	0.005074	0.006797 
9	25100	0.005244	0.003267 
9	25600	0.012222	0.003274 
9	26100	0.005116	0.003411 
9	26600	0.005214	0.007295 
9	27100	0.005073	0.014732 
9	27600	0.005560	0.003666 
9	28100	0.023941	0.003746 
9	28600	0.006844	0.003775 
9	29100	0.007673	0.003764 
9	29600	0.005944	0.004401 
9	30100	0.006103	0.004004 
9	30600	0.005820	0.004008 
9	31100	0.006990	0.004114 
9	31600	0.006146	0.004570 
9	32100	0.014176	0.006631 
9	32600	0.006272	0.004317 
9	33100	0.006600	0.004355 
9	33600	0.007335	0.017324 
9	34100	0.007129	0.004604 
9	34600	0.006898	0.005789 
9	35100	0.007030	0.004919 
9	35600	0.007157	0.004692 
9	36100	0.008418	0.015640 
9	36600	0.007313	0.005004 
9	37100	0.020943	0.005277 
9	37600	0.007508	0.005509 
9	38100	0.007598	0.006209 
9	38600	0.010999	0.005160 
9	39100	0.011827	0.008136 
9	39600	0.007970	0.005701 
9	40100	0.022511	0.005505 
9	40600	0.008135	0.005509 
9	41100	0.008279	0.006454 
9	41600	0.008355	0.005673 
9	42100	0.013330	0.009506 
9	42600	0.009639	0.005663 
9	43100	0.009425	0.005920 
9	43600	0.009728	0.006539 
9	44100	0.016257	0.006301 
9	44600	0.009725	0.006139 
9	45100	0.009116	0.006348 
9	45600	0.009170	0.006381 
9	46100	0.009468	0.006701 
9	46600	0.009562	0.006444 
9	47100	0.010159	0.006504 
9	47600	0.010291	0.010418 
9	48100	0.012686	0.006919 
9	48600	0.011032	0.006644 
9	49100	0.010015	0.006853 
9	49600	0.022921	0.007045 
9	50100	0.010142	0.009141 
9	50600	0.010658	0.009887 
9	51100	0.010335	0.006931 
9	51600	0.017028	0.008372 
9	52100	0.010780	0.007411 
9	52600	0.011209	0.008269 
9	53100	0.011351	0.007874 
9	53600	0.011092	0.016137 
9	54100	0.011467	0.007545 
9	54600	0.011492	0.008020 
9	55100	0.011355	0.008493 
9	55600	0.012419	0.007779 
9	56100	0.011571	0.007843 
9	56600	0.025818	0.009112 
9	57100	0.011819	0.008170 
9	57600	0.011953	0.014023 
9	58100	0.013753	0.009803 
9	58600	0.012393	0.013274 
9	59100	0.012458	0.008765 
9	59600	0.014064	0.010721 
9	60100	0.012919	0.008376 
9	60600	0.029196	0.008375 
9	61100	0.018954	0.008636 
9	61600	0.013842	0.014330 
9	62100	0.014985	0.008982 
9	62600	0.018898	0.009728 
9	63100	0.013310	0.009943 
9	63600	0.013756	0.010607 
9	64100	0.013531	0.009214 
9	64600	0.014024	0.010341 
9	65100	0.013472	0.009692 
9	65600	0.015899	0.014278 
9	66100	0.036155	0.034515 
9	66600	0.015873	0.009521 
9	67100	0.024002	0.010170 
9	67600	0.015809	0.010317 
9	68100	0.017740	0.011037 
9	68600	0.016083	0.015040 
9	69100	0.016544	0.009682 
9	69600	0.015848	0.022014 
9	70100	0.015989	0.010229 
9	70600	0.016889	0.013869 
9	71100	0.017392	0.010452 
9	71600	0.021397	0.011918 
9	72100	0.032496	0.010304 
9	72600	0.016738	0.010324 
9	73100	0.016895	0.010603 
9	73600	0.017792	0.019598 
9	74100	0.016827	0.015387 
9	74600	0.017227	0.023574 
9	75100	0.030902	0.011375 
9	75600	0.017350	0.014102 
9	76100	0.023560	0.011234 
9	76600	0.022305	0.011143 
9	77100	0.017573	0.012780 
9	77600	0.018924	0.013645 
9	78100	0.022549	0.011463 
9	78600	0.023825	0.012412 
9	79100	0.023187	0.011334 
9	79600	0.018117	0.011380 
9	80100	0.018438	0.011627 
9	80600	0.023913	0.013285 
9	81100	0.019646	0.017851 
9	81600	0.018550	0.018528 
9	82100	0.018569	0.013027 
9	82600	0.018777	0.012217 
9	83100	0.022878	0.012562 
9	83600	0.028823	0.012591 
9	84100	0.021696	0.012590 
9	84600	0.019233	0.013162 
9	85100	0.020044	0.012139 
9	85600	0.019446	0.013478 
9	86100	0.020183	0.012598 
9	86600	0.019746	0.013810 
9	87100	0.021640	0.013613 
9	87600	0.023105	0.012766 
9	88100	0.022510	0.020729 
9	88600	0.023749	0.012641 
9	89100	0.026218	0.026103 
9	89600	0.021434	0.013198 
9	90100	0.028650	0.027160 
9	90600	0.020593	0.013616 
9	91100	0.026310	0.018819 
9	91600	0.024452	0.018497 
9	92100	0.021495	0.013821 
9	92600	0.031137	0.013676 
9	93100	0.023105	0.047003 
9	93600	0.028607	0.020428 
9	94100	0.023510	0.013944 
9	94600	0.021306	0.014089 
9	95100	0.026745	0.018741 
9	95600	0.022739	0.015963 
9	96100	0.021726	0.014431 
9	96600	0.022037	0.014678 
9	97100	0.024696	0.018999 
9	97600	0.029910	0.015073 
9	98100	0.031208	0.015050 
9	98600	0.022488	0.014621 
9	99100	0.022558	0.025477 
9	99600	0.023026	0.014944 
10	100	0.000016	0.000007 
10	600	0.000115	0.000053 
10	1100	0.000188	0.000109 
10	1600	0.000246	0.000159 
10	2100	0.000330	0.000217 
10	2600	0.000401	0.000270 
10	3100	0.000474	0.000333 
10	3600	0.000581	0.000385 
10	4100	0.000668	0.000448 
10	4600	0.000742	0.000499 
10	5100	0.000809	0.000565 
10	5600	0.000904	0.000628 
10	6100	0.000982	0.000694 
10	6600	0.001073	0.001588 
10	7100	0.001173	0.000935 
10	7600	0.001271	0.000883 
10	8100	0.001382	0.000953 
10	8600	0.001496	0.001030 
10	9100	0.001525	0.001093 
10	9600	0.003071	0.001145 
10	10100	0.001695	0.001771 
10	10600	0.002179	0.001283 
10	11100	0.001954	0.001359 
10	11600	0.001982	0.001774 
10	12100	0.002059	0.001464 
10	12600	0.002300	0.001531 
10	13100	0.002462	0.001622 
10	13600	0.004555	0.001685 
10	14100	0.012284	0.001791 
10	14600	0.003580	0.002268 
10	15100	0.003563	0.001824 
10	15600	0.003738	0.001916 
10	16100	0.003410	0.001998 
10	16600	0.003097	0.007468 
10	17100	0.003092	0.002108 
10	17600	0.005798	0.002208 
10	18100	0.003279	0.002487 
10	18600	0.031796	0.004143 
10	19100	0.003441	0.002373 
10	19600	0.004172	0.002470 
10	20100	0.003693	0.008614 
10	20600	0.003880	0.002649 
10	21100	0.003847	0.002661 
10	21600	0.004115	0.002844 
10	22100	0.005652	0.002943 
10	22600	0.004145	0.002869 
10	23100	0.008869	0.003002 
10	23600	0.013422	0.035274 
10	24100	0.004434	0.003143 
10	24600	0.005406	0.004629 
10	25100	0.004857	0.003308 
10	25600	0.004742	0.003300 
10	26100	0.026567	0.008978 
10	26600	0.005189	0.003405 
10	27100	0.006277	0.003609 
10	27600	0.005175	0.003658 
10	28100	0.005921	0.007190 
10	28600	0.005410	0.004583 
10	29100	0.005515	0.005853 
10	29600	0.006337	0.003991 
10	30100	0.006494	0.003987 
10	30600	0.005812	0.004953 
10	31100	0.005970	0.006664 
10	31600	0.007319	0.004349 
10	32100	0.006122	0.004259 
10	32600	0.016033	0.007296 
10	33100	0.007387	0.004936 
10	33600	0.012898	0.004856 
10	34100	0.007006	0.004572 
10	34600	0.008979	0.004562 
10	35100	0.007218	0.005307 
10	35600	0.007349	0.004879 
10	36100	0.007201	0.009588 
10	36600	0.007673	0.004839 
10	37100	0.019529	0.004965 
10	37600	0.008014	0.004983 
10	38100	0.008241	0.016550 
10	38600	0.007795	0.006382 
10	39100	0.007869	0.005558 
10	39600	0.011179	0.005987 
10	40100	0.008000	0.014057 
10	40600	0.008438	0.007630 
10	41100	0.036447	0.005718 
10	41600	0.008676	0.005677 
10	42100	0.008455	0.005782 
10	42600	0.011433	0.006269 
10	43100	0.008912	0.005961 
10	43600	0.009766	0.006003 
10	44100	0.030013	0.006278 
10	44600	0.009004	0.012962 
10	45100	0.009264	0.006497 
10	45600	0.009573	0.006395 
10	46100	0.010255	0.015310 
10	46600	0.009993	0.006555 
10	47100	0.009592	0.006449 
10	47600	0.009693	0.006487 
10	48100	0.009781	0.006804 
10	48600	0.009986	0.006702 
10	49100	0.012698	0.006790 
10	49600	0.044186	0.006825 
10	50100	0.010246	0.007735 
10	50600	0.011420	0.006865 
10	51100	0.010507	0.014696 
10	51600	0.012311	0.089090 
10	52100	0.020661	0.007502 
10	52600	0.018050	0.007289 
10	53100	0.011131	0.009692 
10	53600	0.010992	0.007477 
10	54100	0.011916	0.007689 
10	54600	0.011569	0.007535 
10	55100	0.012034	0.008382 
10	55600	0.026763	0.009002 
10	56100	0.011409	0.007992 
10	56600	0.012607	0.007829 
10	57100	0.011842	0.014128 
10	57600	0.011949	0.008242 
10	58100	0.011934	0.008428 
10	58600	0.013020	0.008682 
10	59100	0.013283	0.009112 
10	59600	0.017618	0.008194 
10	60100	0.024220	0.008724 
10	60600	0.012577	0.008671 
10	61100	0.015975	0.008672 
10	61600	0.012764	0.008608 
10	62100	0.020259	0.014408 
10	62600	0.022392	0.009233 
10	63100	0.041667	0.017714 
10	63600	0.013483	0.009657 
10	64100	0.015104	0.009031 
10	64600	0.018756	0.009101 
10	65100	0.023388	0.011333 
10	65600	0.015003	0.009334 
10	66100	0.030383	0.010770 
10	66600	0.016179	0.017131 
10	67100	0.015154	0.011688 
10	67600	0.022632	0.009579 
10	68100	0.016049	0.010957 
10	68600	0.018527	0.009857 
10	69100	0.016131	0.010053 
10	69600	0.015907	0.014703 
10	70100	0.033352	0.010250 
10	70600	0.021190	0.014967 
10	71100	0.016355	0.014871 
10	71600	0.016589	0.010423 
10	72100	0.021900	0.015495 
10	72600	0.016729	0.016470 
10	73100	0.016877	0.010978 
10	73600	0.038062	0.014892 
10	74100	0.025695	0.010776 
10	74600	0.017630	0.012952 
10	75100	0.017275	0.012009 
10	75600	0.017476	0.015481 
10	76100	0.018114	0.015003 
10	76600	0.018550	0.016206 
10	77100	0.034321	0.016392 
10	77600	0.017949	0.014379 
10	78100	0.023509	0.013082 
10	78600	0.018233	0.013449 
10	79100	0.018092	0.019550 
10	79600	0.018237	0.013575 
10	80100	0.018280	0.017855 
10	80600	0.018703	0.016263 
10	81100	0.018780	0.013630 
10	81600	0.019166	0.012537 
10	82100	0.021017	0.012182 
10	82600	0.023782	0.014688 
10	83100	0.026480	0.012020 
10	83600	0.044414	0.012447 
10	84100	0.019510	0.012779 
10	84600	0.019364	0.012234 
10	85100	0.042226	0.028770 
10	85600	0.021287	0.012694 
10	86100	0.038322	0.012804 
10	86600	0.026039	0.013013 
10	87100	0.027445	0.012798 
10	87600	0.019935	0.012614 
10	88100	0.019966	0.012908 
10	88600	0.025750	0.012988 
10	89100	0.022122	0.012957 
10	89600	0.020313	0.026360 
10	90100	0.022023	0.013195 
10	90600	0.021019	0.013717 
10	91100	0.024073	0.013902 
10	91600	0.034775	0.013455 
10	92100	0.027211	0.013817 
10	92600	0.020880	0.015040 
10	93100	0.029138	0.013435 
10	93600	0.043335	0.045009 
10	94100	0.028453	0.014169 
10	94600	0.024168	0.013907 
10	95100	0.022050	0.034477 
10	95600	0.021813	0.019726 
10	96100	0.024475	0.014985 
10	96600	0.025218	0.016635 
10	97100	0.043389	0.027081 
10	97600	0.022985	0.014904 
10	98100	0.023145	0.015760 
10	98600	0.022673	0.031156 
10	99100	0.023186	0.014517 
10	99600	0.024872	0.019421 
